data/catalogs/gaia_gbtds_s01_sample.ecsv
# %ECSV 1.0
# ---
# datatype:
# - {name: ra, datatype: float64}
# - {name: dec, datatype: float64}
# - {name: type, datatype: string}
# - {name: n, datatype: int64}
# - {name: half_light_radius, datatype: int64}
# - {name: pa, datatype: int64}
# - {name: ba, datatype: int64}
# - {name: F087, datatype: float64}
# - {name: F062, datatype: float64}
# - {name: F213, datatype: float64}
# - {name: F146, datatype: float64}
# - {name: F129, datatype: float64}
# - {name: F184, datatype: float64}
# - {name: F106, datatype: float64}
# - {name: F158, datatype: float64}
# - {name: g_mag, datatype: float64}
# schema: astropy-2.0
ra dec type n half_light_radius pa ba F087 F062 F213 F146 F129 F184 F106 F158 g_mag
[from data line 780]
268.5048041181497 -28.61850959143969 PSF -1 -1 -1 -1 5.061434317359753e-07 5.061434317359753e-07 5.061434317359753e-07 5.061434317359753e-07 5.061434317359753e-07 5.061434317359753e-07 5.061434317359753e-07 5.061434317359753e-07 15.7393159866333
268.7323035335204 -28.68881606089353 PSF -1 -1 -1 -1 8.49377592330131e-08 8.49377592330131e-08 8.49377592330131e-08 8.49377592330131e-08 8.49377592330131e-08 8.49377592330131e-08 8.49377592330131e-08 8.49377592330131e-08 17.677248001098633
268.7021603890678 -28.503530105957402 PSF -1 -1 -1 -1 1.1398131121249478e-07 1.1398131121249478e-07 1.1398131121249478e-07 1.1398131121249478e-07 1.1398131121249478e-07 1.1398131121249478e-07 1.1398131121249478e-07 1.1398131121249478e-07 17.3579158782959
268.7638677032214 -28.691933358548955 PSF -1 -1 -1 -1 6.429748262008111e-08 6.429748262008111e-08 6.429748262008111e-08 6.429748262008111e-08 6.429748262008111e-08 6.429748262008111e-08 6.429748262008111e-08 6.429748262008111e-08 17.979515075683594
268.648681290363 -28.354140394950974 PSF -1 -1 -1 -1 5.110404495409206e-06 5.110404495409206e-06 5.110404495409206e-06 5.110404495409206e-06 5.110404495409206e-06 5.110404495409206e-06 5.110404495409206e-06 5.110404495409206e-06 13.228861808776855
268.64587292117955 -28.73405474780286 PSF -1 -1 -1 -1 1.0007908424063111e-07 1.0007908424063111e-07 1.0007908424063111e-07 1.0007908424063111e-07 1.0007908424063111e-07 1.0007908424063111e-07 1.0007908424063111e-07 1.0007908424063111e-07 17.499141693115234
268.7186838509796 -28.72533661455348 PSF -1 -1 -1 -1 1.1197539925665137e-07 1.1197539925665137e-07 1.1197539925665137e-07 1.1197539925665137e-07 1.1197539925665137e-07 1.1197539925665137e-07 1.1197539925665137e-07 1.1197539925665137e-07 17.377193450927734
268.6975308098627 -28.598078449251787 PSF -1 -1 -1 -1 7.056976937117405e-07 7.056976937117405e-07 7.056976937117405e-07 7.056976937117405e-07 7.056976937117405e-07 7.056976937117405e-07 7.056976937117405e-07 7.056976937117405e-07 15.378453254699707
268.5309807446614 -28.486855357931017 PSF -1 -1 -1 -1 1.404585866527269e-06 1.404585866527269e-06 1.404585866527269e-06 1.404585866527269e-06 1.404585866527269e-06 1.404585866527269e-06 1.404585866527269e-06 1.404585866527269e-06 14.631129264831543
268.5465318459552 -28.41253745907799 PSF -1 -1 -1 -1 9.23320824293854e-08 9.23320824293854e-08 9.23320824293854e-08 9.23320824293854e-08 9.23320824293854e-08 9.23320824293854e-08 9.23320824293854e-08 9.23320824293854e-08 17.586618423461914
268.6879998391797 -28.658985640674725 PSF -1 -1 -1 -1 8.27418776992395e-08 8.27418776992395e-08 8.27418776992395e-08 8.27418776992395e-08 8.27418776992395e-08 8.27418776992395e-08 8.27418776992395e-08 8.27418776992395e-08 17.705686569213867
268.70956944721127 -28.494041699012655 PSF -1 -1 -1 -1 8.18539040739904e-08 8.18539040739904e-08 8.18539040739904e-08 8.18539040739904e-08 8.18539040739904e-08 8.18539040739904e-08 8.18539040739904e-08 8.18539040739904e-08 17.7174015045166
268.53632687350483 -28.57525905424878 PSF -1 -1 -1 -1 8.345352817965112e-08 8.345352817965112e-08 8.345352817965112e-08 8.345352817965112e-08 8.345352817965112e-08 8.345352817965112e-08 8.345352817965112e-08 8.345352817965112e-08 17.696388244628906
268.68211551341835 -28.40427129512356 PSF -1 -1 -1 -1 2.513532913141856e-07 2.513532913141856e-07 2.513532913141856e-07 2.513532913141856e-07 2.513532913141856e-07 2.513532913141856e-07 2.513532913141856e-07 2.513532913141856e-07 16.49928855895996
268.78793219403383 -28.627269764087007 PSF -1 -1 -1 -1 8.863077231395426e-08 8.863077231395426e-08 8.863077231395426e-08 8.863077231395426e-08 8.863077231395426e-08 8.863077231395426e-08 8.863077231395426e-08 8.863077231395426e-08 17.631038665771484
268.74702311885983 -28.487918637327336 PSF -1 -1 -1 -1 2.811780895607914e-07 2.811780895607914e-07 2.811780895607914e-07 2.811780895607914e-07 2.811780895607914e-07 2.811780895607914e-07 2.811780895607914e-07 2.811780895607914e-07 16.377546310424805
268.73189369146587 -28.648587574875098 PSF -1 -1 -1 -1 7.249589495085775e-08 7.249589495085775e-08 7.249589495085775e-08 7.249589495085775e-08 7.249589495085775e-08 7.249589495085775e-08 7.249589495085775e-08 7.249589495085775e-08 17.84921646118164
268.50069108368245 -28.278376056082003 PSF -1 -1 -1 -1 2.0601373657307976e-07 2.0601373657307976e-07 2.0601373657307976e-07 2.0601373657307976e-07 2.0601373657307976e-07 2.0601373657307976e-07 2.0601373657307976e-07 2.0601373657307976e-07 16.715259552001953
268.67745487003117 -28.68795797537876 PSF -1 -1 -1 -1 2.519421387394204e-07 2.519421387394204e-07 2.519421387394204e-07 2.519421387394204e-07 2.519421387394204e-07 2.519421387394204e-07 2.519421387394204e-07 2.519421387394204e-07 16.496747970581055
268.7105558321259 -28.67586913238097 PSF -1 -1 -1 -1 5.764656951669636e-07 5.764656951669636e-07 5.764656951669636e-07 5.764656951669636e-07 5.764656951669636e-07 5.764656951669636e-07 5.764656951669636e-07 5.764656951669636e-07 15.598066329956055
268.632766158126 -28.5166422950075 PSF -1 -1 -1 -1 7.851412859423707e-08 7.851412859423707e-08 7.851412859423707e-08 7.851412859423707e-08 7.851412859423707e-08 7.851412859423707e-08 7.851412859423707e-08 7.851412859423707e-08 17.762630462646484
268.5253730735158 -28.625872703061855 PSF -1 -1 -1 -1 8.434166598354627e-08 8.434166598354627e-08 8.434166598354627e-08 8.434166598354627e-08 8.434166598354627e-08 8.434166598354627e-08 8.434166598354627e-08 8.434166598354627e-08 17.684894561767578
268.5798174093904 -28.310648973266854 PSF -1 -1 -1 -1 7.473888256458617e-08 7.473888256458617e-08 7.473888256458617e-08 7.473888256458617e-08 7.473888256458617e-08 7.473888256458617e-08 7.473888256458617e-08 7.473888256458617e-08 17.816133499145508
268.72110849143274 -28.644375156434226 PSF -1 -1 -1 -1 1.978650873603846e-07 1.978650873603846e-07 1.978650873603846e-07 1.978650873603846e-07 1.978650873603846e-07 1.978650873603846e-07 1.978650873603846e-07 1.978650873603846e-07 16.759077072143555
268.7657083193824 -28.47833836830804 PSF -1 -1 -1 -1 1.1081379060557654e-07 1.1081379060557654e-07 1.1081379060557654e-07 1.1081379060557654e-07 1.1081379060557654e-07 1.1081379060557654e-07 1.1081379060557654e-07 1.1081379060557654e-07 17.38851547241211
268.5511227426135 -28.452264111827827 PSF -1 -1 -1 -1 1.2360837073299166e-07 1.2360837073299166e-07 1.2360837073299166e-07 1.2360837073299166e-07 1.2360837073299166e-07 1.2360837073299166e-07 1.2360837073299166e-07 1.2360837073299166e-07 17.269880294799805
268.6445129570589 -28.521578343215065 PSF -1 -1 -1 -1 6.707174597688884e-08 6.707174597688884e-08 6.707174597688884e-08 6.707174597688884e-08 6.707174597688884e-08 6.707174597688884e-08 6.707174597688884e-08 6.707174597688884e-08 17.933650970458984
268.76297254249795 -28.577877090626075 PSF -1 -1 -1 -1 1.731055549691118e-07 1.731055549691118e-07 1.731055549691118e-07 1.731055549691118e-07 1.731055549691118e-07 1.731055549691118e-07 1.731055549691118e-07 1.731055549691118e-07 16.90422248840332
268.50354813629474 -28.39618173959485 PSF -1 -1 -1 -1 8.932400149684678e-08 8.932400149684678e-08 8.932400149684678e-08 8.932400149684678e-08 8.932400149684678e-08 8.932400149684678e-08 8.932400149684678e-08 8.932400149684678e-08 17.62257957458496
268.7059415368656 -28.675179994171184 PSF -1 -1 -1 -1 2.9775000409178793e-05 2.9775000409178793e-05 2.9775000409178793e-05 2.9775000409178793e-05 2.9775000409178793e-05 2.9775000409178793e-05 2.9775000409178793e-05 2.9775000409178793e-05 11.315370559692383
268.7021285014978 -28.53998962449471 PSF -1 -1 -1 -1 1.2519671278817715e-07 1.2519671278817715e-07 1.2519671278817715e-07 1.2519671278817715e-07 1.2519671278817715e-07 1.2519671278817715e-07 1.2519671278817715e-07 1.2519671278817715e-07 17.256017684936523
268.7189657040499 -28.46210816179178 PSF -1 -1 -1 -1 8.828377391119046e-08 8.828377391119046e-08 8.828377391119046e-08 8.828377391119046e-08 8.828377391119046e-08 8.828377391119046e-08 8.828377391119046e-08 8.828377391119046e-08 17.635297775268555
268.7945762377777 -28.37914083054393 PSF -1 -1 -1 -1 7.913587580159803e-07 7.913587580159803e-07 7.913587580159803e-07 7.913587580159803e-07 7.913587580159803e-07 7.913587580159803e-07 7.913587580159803e-07 7.913587580159803e-07 15.254066467285156
268.6953314606651 -28.41371112975128 PSF -1 -1 -1 -1 8.526381694648274e-08 8.526381694648274e-08 8.526381694648274e-08 8.526381694648274e-08 8.526381694648274e-08 8.526381694648274e-08 8.526381694648274e-08 8.526381694648274e-08 17.67308807373047
268.69492181030904 -28.582327523508713 PSF -1 -1 -1 -1 1.2944740637318503e-07 1.2944740637318503e-07 1.2944740637318503e-07 1.2944740637318503e-07 1.2944740637318503e-07 1.2944740637318503e-07 1.2944740637318503e-07 1.2944740637318503e-07 17.21976661682129
268.64299924153437 -28.696301084867194 PSF -1 -1 -1 -1 7.53744174322958e-08 7.53744174322958e-08 7.53744174322958e-08 7.53744174322958e-08 7.53744174322958e-08 7.53744174322958e-08 7.53744174322958e-08 7.53744174322958e-08 17.80694007873535
268.7911167258267 -28.66976991291391 PSF -1 -1 -1 -1 1.0856893218545671e-07 1.0856893218545671e-07 1.0856893218545671e-07 1.0856893218545671e-07 1.0856893218545671e-07 1.0856893218545671e-07 1.0856893218545671e-07 1.0856893218545671e-07 17.410736083984375
268.79202382198497 -28.403866599078718 PSF -1 -1 -1 -1 7.272805368431634e-08 7.272805368431634e-08 7.272805368431634e-08 7.272805368431634e-08 7.272805368431634e-08 7.272805368431634e-08 7.272805368431634e-08 7.272805368431634e-08 17.845745086669922
268.78854093317034 -28.578882484886446 PSF -1 -1 -1 -1 9.092397968834084e-08 9.092397968834084e-08 9.092397968834084e-08 9.092397968834084e-08 9.092397968834084e-08 9.092397968834084e-08 9.092397968834084e-08 9.092397968834084e-08 17.603303909301758
268.74363043707194 -28.745695996947923 PSF -1 -1 -1 -1 2.4007232699203087e-06 2.4007232699203087e-06 2.4007232699203087e-06 2.4007232699203087e-06 2.4007232699203087e-06 2.4007232699203087e-06 2.4007232699203087e-06 2.4007232699203087e-06 14.049144744873047
268.7577344276061 -28.596295333046758 PSF -1 -1 -1 -1 1.6659594591366308e-07 1.6659594591366308e-07 1.6659594591366308e-07 1.6659594591366308e-07 1.6659594591366308e-07 1.6659594591366308e-07 1.6659594591366308e-07 1.6659594591366308e-07 16.945838928222656
268.64123573857785 -28.586926733854572 PSF -1 -1 -1 -1 1.1559591976293385e-07 1.1559591976293385e-07 1.1559591976293385e-07 1.1559591976293385e-07 1.1559591976293385e-07 1.1559591976293385e-07 1.1559591976293385e-07 1.1559591976293385e-07 17.34264373779297
268.54974467356965 -28.585547862794446 PSF -1 -1 -1 -1 2.0712089184721423e-07 2.0712089184721423e-07 2.0712089184721423e-07 2.0712089184721423e-07 2.0712089184721423e-07 2.0712089184721423e-07 2.0712089184721423e-07 2.0712089184721423e-07 16.709440231323242
268.51826617639074 -28.733992878587575 PSF -1 -1 -1 -1 1.0155918516555072e-07 1.0155918516555072e-07 1.0155918516555072e-07 1.0155918516555072e-07 1.0155918516555072e-07 1.0155918516555072e-07 1.0155918516555072e-07 1.0155918516555072e-07 17.48320198059082
268.6484774077663 -28.680581792231553 PSF -1 -1 -1 -1 6.57219004934002e-08 6.57219004934002e-08 6.57219004934002e-08 6.57219004934002e-08 6.57219004934002e-08 6.57219004934002e-08 6.57219004934002e-08 6.57219004934002e-08 17.955724716186523
268.72024914350635 -28.401903413804707 PSF -1 -1 -1 -1 2.5722017134349627e-07 2.5722017134349627e-07 2.5722017134349627e-07 2.5722017134349627e-07 2.5722017134349627e-07 2.5722017134349627e-07 2.5722017134349627e-07 2.5722017134349627e-07 16.4742374420166
268.66164500249636 -28.433729281929153 PSF -1 -1 -1 -1 3.459417601089745e-07 3.459417601089745e-07 3.459417601089745e-07 3.459417601089745e-07 3.459417601089745e-07 3.459417601089745e-07 3.459417601089745e-07 3.459417601089745e-07 16.15249252319336
268.5167668182855 -28.658176132414813 PSF -1 -1 -1 -1 "" "" "" "" "" "" "" "" ""
268.77944732589475 -28.72240837899517 PSF -1 -1 -1 -1 7.61656022790333e-08 7.61656022790333e-08 7.61656022790333e-08 7.61656022790333e-08 7.61656022790333e-08 7.61656022790333e-08 7.61656022790333e-08 7.61656022790333e-08 17.795602798461914
268.64254273271837 -28.668574548019553 PSF -1 -1 -1 -1 1.3152047772148592e-07 1.3152047772148592e-07 1.3152047772148592e-07 1.3152047772148592e-07 1.3152047772148592e-07 1.3152047772148592e-07 1.3152047772148592e-07 1.3152047772148592e-07 17.202516555786133
268.7699971510635 -28.64568738991455 PSF -1 -1 -1 -1 1.586065788619143e-07 1.586065788619143e-07 1.586065788619143e-07 1.586065788619143e-07 1.586065788619143e-07 1.586065788619143e-07 1.586065788619143e-07 1.586065788619143e-07 16.999197006225586
268.60280921162496 -28.479541234176505 PSF -1 -1 -1 -1 1.2129445358136377e-07 1.2129445358136377e-07 1.2129445358136377e-07 1.2129445358136377e-07 1.2129445358136377e-07 1.2129445358136377e-07 1.2129445358136377e-07 1.2129445358136377e-07 17.29039764404297
268.7501058400791 -28.354364417838617 PSF -1 -1 -1 -1 8.233776231760755e-08 8.233776231760755e-08 8.233776231760755e-08 8.233776231760755e-08 8.233776231760755e-08 8.233776231760755e-08 8.233776231760755e-08 8.233776231760755e-08 17.711002349853516
268.56385745439303 -28.29035849331195 PSF -1 -1 -1 -1 1.06523917185456e-06 1.06523917185456e-06 1.06523917185456e-06 1.06523917185456e-06 1.06523917185456e-06 1.06523917185456e-06 1.06523917185456e-06 1.06523917185456e-06 14.931382179260254
268.5394789210102 -28.71556939039504 PSF -1 -1 -1 -1 1.1613776116524797e-07 1.1613776116524797e-07 1.1613776116524797e-07 1.1613776116524797e-07 1.1613776116524797e-07 1.1613776116524797e-07 1.1613776116524797e-07 1.1613776116524797e-07 17.337566375732422
268.6446492845178 -28.333979214890828 PSF -1 -1 -1 -1 8.227775632573142e-08 8.227775632573142e-08 8.227775632573142e-08 8.227775632573142e-08 8.227775632573142e-08 8.227775632573142e-08 8.227775632573142e-08 8.227775632573142e-08 17.711793899536133
268.72902391102554 -28.468757057793226 PSF -1 -1 -1 -1 3.447744665750569e-07 3.447744665750569e-07 3.447744665750569e-07 3.447744665750569e-07 3.447744665750569e-07 3.447744665750569e-07 3.447744665750569e-07 3.447744665750569e-07 16.15616226196289
268.66264465150306 -28.619810301083913 PSF -1 -1 -1 -1 2.417219226954658e-07 2.417219226954658e-07 2.417219226954658e-07 2.417219226954658e-07 2.417219226954658e-07 2.417219226954658e-07 2.417219226954658e-07 2.417219226954658e-07 16.541709899902344
268.70403378978193 -28.52987757283653 PSF -1 -1 -1 -1 1.2065943276057246e-07 1.2065943276057246e-07 1.2065943276057246e-07 1.2065943276057246e-07 1.2065943276057246e-07 1.2065943276057246e-07 1.2065943276057246e-07 1.2065943276057246e-07 17.296096801757812
268.706767334835 -28.65769101965367 PSF -1 -1 -1 -1 9.789162648364041e-08 9.789162648364041e-08 9.789162648364041e-08 9.789162648364041e-08 9.789162648364041e-08 9.789162648364041e-08 9.789162648364041e-08 9.789162648364041e-08 17.523136138916016
268.54830877455333 -28.368998874634947 PSF -1 -1 -1 -1 2.6547581538960893e-07 2.6547581538960893e-07 2.6547581538960893e-07 2.6547581538960893e-07 2.6547581538960893e-07 2.6547581538960893e-07 2.6547581538960893e-07 2.6547581538960893e-07 16.439937591552734
268.75388497618496 -28.71009279702195 PSF -1 -1 -1 -1 2.0914980234743437e-07 2.0914980234743437e-07 2.0914980234743437e-07 2.0914980234743437e-07 2.0914980234743437e-07 2.0914980234743437e-07 2.0914980234743437e-07 2.0914980234743437e-07 16.698856353759766
268.534719266593 -28.55015355231639 PSF -1 -1 -1 -1 1.327351178785866e-07 1.327351178785866e-07 1.327351178785866e-07 1.327351178785866e-07 1.327351178785866e-07 1.327351178785866e-07 1.327351178785866e-07 1.327351178785866e-07 17.192535400390625
