data/catalogs/gaia_gbtds_s01_sample.ecsv
# %ECSV 1.0
# ---
# datatype:
# - {name: ra, datatype: float64}
# - {name: dec, datatype: float64}
# - {name: type, datatype: string}
# - {name: n, datatype: int64}
# - {name: half_light_radius, datatype: int64}
# - {name: pa, datatype: int64}
# - {name: ba, datatype: int64}
# - {name: F087, datatype: float64}
# - {name: F062, datatype: float64}
# - {name: F213, datatype: float64}
# - {name: F146, datatype: float64}
# - {name: F129, datatype: float64}
# - {name: F184, datatype: float64}
# - {name: F106, datatype: float64}
# - {name: F158, datatype: float64}
# - {name: g_mag, datatype: float64}
# schema: astropy-2.0
ra dec type n half_light_radius pa ba F087 F062 F213 F146 F129 F184 F106 F158 g_mag
[from data line 1881]
268.7976869361578 -28.68658249324857 PSF -1 -1 -1 -1 1.848390906423703e-07 1.848390906423703e-07 1.848390906423703e-07 1.848390906423703e-07 1.848390906423703e-07 1.848390906423703e-07 1.848390906423703e-07 1.848390906423703e-07 16.83301544189453
268.5626441259184 -28.49615937902398 PSF -1 -1 -1 -1 1.967441486686021e-07 1.967441486686021e-07 1.967441486686021e-07 1.967441486686021e-07 1.967441486686021e-07 1.967441486686021e-07 1.967441486686021e-07 1.967441486686021e-07 16.76524543762207
268.710699441717 -28.293648925861092 PSF -1 -1 -1 -1 3.6609907604083716e-07 3.6609907604083716e-07 3.6609907604083716e-07 3.6609907604083716e-07 3.6609907604083716e-07 3.6609907604083716e-07 3.6609907604083716e-07 3.6609907604083716e-07 16.09100341796875
268.69606552777026 -28.6992031679454 PSF -1 -1 -1 -1 7.090585004529637e-08 7.090585004529637e-08 7.090585004529637e-08 7.090585004529637e-08 7.090585004529637e-08 7.090585004529637e-08 7.090585004529637e-08 7.090585004529637e-08 17.873294830322266
268.6293043522056 -28.575435091541607 PSF -1 -1 -1 -1 6.71933358468982e-08 6.71933358468982e-08 6.71933358468982e-08 6.71933358468982e-08 6.71933358468982e-08 6.71933358468982e-08 6.71933358468982e-08 6.71933358468982e-08 17.931684494018555
268.69505480763763 -28.492771809879358 PSF -1 -1 -1 -1 1.502058541021109e-07 1.502058541021109e-07 1.502058541021109e-07 1.502058541021109e-07 1.502058541021109e-07 1.502058541021109e-07 1.502058541021109e-07 1.502058541021109e-07 17.05828285217285
268.59074964120765 -28.631168821821806 PSF -1 -1 -1 -1 1.4637608366146176e-07 1.4637608366146176e-07 1.4637608366146176e-07 1.4637608366146176e-07 1.4637608366146176e-07 1.4637608366146176e-07 1.4637608366146176e-07 1.4637608366146176e-07 17.08632469177246
268.52533636411783 -28.45068954420942 PSF -1 -1 -1 -1 1.0799142755776331e-07 1.0799142755776331e-07 1.0799142755776331e-07 1.0799142755776331e-07 1.0799142755776331e-07 1.0799142755776331e-07 1.0799142755776331e-07 1.0799142755776331e-07 17.416526794433594
268.5241568493329 -28.647291760006645 PSF -1 -1 -1 -1 1.823181584677547e-07 1.823181584677547e-07 1.823181584677547e-07 1.823181584677547e-07 1.823181584677547e-07 1.823181584677547e-07 1.823181584677547e-07 1.823181584677547e-07 16.847925186157227
268.7785833337893 -28.71729712398273 PSF -1 -1 -1 -1 7.763687645365902e-08 7.763687645365902e-08 7.763687645365902e-08 7.763687645365902e-08 7.763687645365902e-08 7.763687645365902e-08 7.763687645365902e-08 7.763687645365902e-08 17.774829864501953
268.6218383707238 -28.557931154963896 PSF -1 -1 -1 -1 1.2073682530943747e-07 1.2073682530943747e-07 1.2073682530943747e-07 1.2073682530943747e-07 1.2073682530943747e-07 1.2073682530943747e-07 1.2073682530943747e-07 1.2073682530943747e-07 17.295400619506836
268.7853085773499 -28.251954658659614 PSF -1 -1 -1 -1 7.010412301956007e-08 7.010412301956007e-08 7.010412301956007e-08 7.010412301956007e-08 7.010412301956007e-08 7.010412301956007e-08 7.010412301956007e-08 7.010412301956007e-08 17.88564109802246
268.5574342825655 -28.564797856399522 PSF -1 -1 -1 -1 2.830768126007919e-07 2.830768126007919e-07 2.830768126007919e-07 2.830768126007919e-07 2.830768126007919e-07 2.830768126007919e-07 2.830768126007919e-07 2.830768126007919e-07 16.3702392578125
268.6308912902828 -28.665454602679386 PSF -1 -1 -1 -1 2.1206595238717714e-07 2.1206595238717714e-07 2.1206595238717714e-07 2.1206595238717714e-07 2.1206595238717714e-07 2.1206595238717714e-07 2.1206595238717714e-07 2.1206595238717714e-07 16.683822631835938
268.74746529985686 -28.608112878832312 PSF -1 -1 -1 -1 6.791773354513549e-08 6.791773354513549e-08 6.791773354513549e-08 6.791773354513549e-08 6.791773354513549e-08 6.791773354513549e-08 6.791773354513549e-08 6.791773354513549e-08 17.920042037963867
268.5984493161543 -28.49107291164264 PSF -1 -1 -1 -1 2.486427005613427e-07 2.486427005613427e-07 2.486427005613427e-07 2.486427005613427e-07 2.486427005613427e-07 2.486427005613427e-07 2.486427005613427e-07 2.486427005613427e-07 16.51106071472168
268.632034308068 -28.293868934652632 PSF -1 -1 -1 -1 3.0326067763926233e-07 3.0326067763926233e-07 3.0326067763926233e-07 3.0326067763926233e-07 3.0326067763926233e-07 3.0326067763926233e-07 3.0326067763926233e-07 3.0326067763926233e-07 16.295459747314453
268.59310896680415 -28.725259819441327 PSF -1 -1 -1 -1 1.7899134490321778e-07 1.7899134490321778e-07 1.7899134490321778e-07 1.7899134490321778e-07 1.7899134490321778e-07 1.7899134490321778e-07 1.7899134490321778e-07 1.7899134490321778e-07 16.867919921875
268.70150180269553 -28.69153838602453 PSF -1 -1 -1 -1 1.0968927969322247e-07 1.0968927969322247e-07 1.0968927969322247e-07 1.0968927969322247e-07 1.0968927969322247e-07 1.0968927969322247e-07 1.0968927969322247e-07 1.0968927969322247e-07 17.39958953857422
268.595821572531 -28.64417839316533 PSF -1 -1 -1 -1 7.234577060476545e-08 7.234577060476545e-08 7.234577060476545e-08 7.234577060476545e-08 7.234577060476545e-08 7.234577060476545e-08 7.234577060476545e-08 7.234577060476545e-08 17.85146713256836
268.7155936548885 -28.424987099782086 PSF -1 -1 -1 -1 4.6603619441775725e-07 4.6603619441775725e-07 4.6603619441775725e-07 4.6603619441775725e-07 4.6603619441775725e-07 4.6603619441775725e-07 4.6603619441775725e-07 4.6603619441775725e-07 15.828950881958008
268.5185897809537 -28.52671741614701 PSF -1 -1 -1 -1 7.122644953903056e-08 7.122644953903056e-08 7.122644953903056e-08 7.122644953903056e-08 7.122644953903056e-08 7.122644953903056e-08 7.122644953903056e-08 7.122644953903056e-08 17.868396759033203
268.70936788420323 -28.59027682360925 PSF -1 -1 -1 -1 6.444811286204833e-08 6.444811286204833e-08 6.444811286204833e-08 6.444811286204833e-08 6.444811286204833e-08 6.444811286204833e-08 6.444811286204833e-08 6.444811286204833e-08 17.976974487304688
268.52250077278904 -28.45992251748887 PSF -1 -1 -1 -1 3.512449156010158e-07 3.512449156010158e-07 3.512449156010158e-07 3.512449156010158e-07 3.512449156010158e-07 3.512449156010158e-07 3.512449156010158e-07 3.512449156010158e-07 16.135974884033203
268.65617776624146 -28.69548574155909 PSF -1 -1 -1 -1 "" "" "" "" "" "" "" "" ""
268.68584600562843 -28.54429068318337 PSF -1 -1 -1 -1 8.905818569549587e-07 8.905818569549587e-07 8.905818569549587e-07 8.905818569549587e-07 8.905818569549587e-07 8.905818569549587e-07 8.905818569549587e-07 8.905818569549587e-07 15.125815391540527
268.6159431092871 -28.464581761350225 PSF -1 -1 -1 -1 5.252258218875262e-07 5.252258218875262e-07 5.252258218875262e-07 5.252258218875262e-07 5.252258218875262e-07 5.252258218875262e-07 5.252258218875262e-07 5.252258218875262e-07 15.699134826660156
268.7383531851892 -28.70488577012888 PSF -1 -1 -1 -1 2.5601336283758593e-07 2.5601336283758593e-07 2.5601336283758593e-07 2.5601336283758593e-07 2.5601336283758593e-07 2.5601336283758593e-07 2.5601336283758593e-07 2.5601336283758593e-07 16.47934341430664
268.6281330708852 -28.486540404401083 PSF -1 -1 -1 -1 8.703153958795546e-08 8.703153958795546e-08 8.703153958795546e-08 8.703153958795546e-08 8.703153958795546e-08 8.703153958795546e-08 8.703153958795546e-08 8.703153958795546e-08 17.650808334350586
268.6995075208674 -28.550699533673424 PSF -1 -1 -1 -1 1.0653261927568543e-07 1.0653261927568543e-07 1.0653261927568543e-07 1.0653261927568543e-07 1.0653261927568543e-07 1.0653261927568543e-07 1.0653261927568543e-07 1.0653261927568543e-07 17.431293487548828
268.76147342156804 -28.444347873455527 PSF -1 -1 -1 -1 8.001614843026161e-08 8.001614843026161e-08 8.001614843026161e-08 8.001614843026161e-08 8.001614843026161e-08 8.001614843026161e-08 8.001614843026161e-08 8.001614843026161e-08 17.742055892944336
268.58335312381695 -28.732788406850233 PSF -1 -1 -1 -1 8.594475152871162e-08 8.594475152871162e-08 8.594475152871162e-08 8.594475152871162e-08 8.594475152871162e-08 8.594475152871162e-08 8.594475152871162e-08 8.594475152871162e-08 17.664451599121094
268.63332969777855 -28.638844438458417 PSF -1 -1 -1 -1 3.2590347352230457e-06 3.2590347352230457e-06 3.2590347352230457e-06 3.2590347352230457e-06 3.2590347352230457e-06 3.2590347352230457e-06 3.2590347352230457e-06 3.2590347352230457e-06 13.717277526855469
268.62368322111683 -28.37792505703253 PSF -1 -1 -1 -1 "" "" "" "" "" "" "" "" ""
268.67630396985845 -28.578537404552254 PSF -1 -1 -1 -1 7.594981728413377e-08 7.594981728413377e-08 7.594981728413377e-08 7.594981728413377e-08 7.594981728413377e-08 7.594981728413377e-08 7.594981728413377e-08 7.594981728413377e-08 17.798683166503906
268.69840664690105 -28.51541198397965 PSF -1 -1 -1 -1 1.1817317959072547e-07 1.1817317959072547e-07 1.1817317959072547e-07 1.1817317959072547e-07 1.1817317959072547e-07 1.1817317959072547e-07 1.1817317959072547e-07 1.1817317959072547e-07 17.318702697753906
268.5319051318482 -28.5697470056284 PSF -1 -1 -1 -1 2.455322196819001e-07 2.455322196819001e-07 2.455322196819001e-07 2.455322196819001e-07 2.455322196819001e-07 2.455322196819001e-07 2.455322196819001e-07 2.455322196819001e-07 16.524728775024414
268.5782408297587 -28.623065139396196 PSF -1 -1 -1 -1 6.87629149258501e-08 6.87629149258501e-08 6.87629149258501e-08 6.87629149258501e-08 6.87629149258501e-08 6.87629149258501e-08 6.87629149258501e-08 6.87629149258501e-08 17.906614303588867
268.71003074766037 -28.345206674563563 PSF -1 -1 -1 -1 7.886150878717346e-08 7.886150878717346e-08 7.886150878717346e-08 7.886150878717346e-08 7.886150878717346e-08 7.886150878717346e-08 7.886150878717346e-08 7.886150878717346e-08 17.757837295532227
268.66109270535645 -28.51144848880502 PSF -1 -1 -1 -1 1.313666908241125e-07 1.313666908241125e-07 1.313666908241125e-07 1.313666908241125e-07 1.313666908241125e-07 1.313666908241125e-07 1.313666908241125e-07 1.313666908241125e-07 17.203786849975586
268.74986868763176 -28.429883534658867 PSF -1 -1 -1 -1 3.0231705374942926e-07 3.0231705374942926e-07 3.0231705374942926e-07 3.0231705374942926e-07 3.0231705374942926e-07 3.0231705374942926e-07 3.0231705374942926e-07 3.0231705374942926e-07 16.298843383789062
268.7407522171772 -28.612231022751644 PSF -1 -1 -1 -1 1.1917784444337257e-07 1.1917784444337257e-07 1.1917784444337257e-07 1.1917784444337257e-07 1.1917784444337257e-07 1.1917784444337257e-07 1.1917784444337257e-07 1.1917784444337257e-07 17.309511184692383
268.78616343774524 -28.671747616614578 PSF -1 -1 -1 -1 1.0010106318262091e-07 1.0010106318262091e-07 1.0010106318262091e-07 1.0010106318262091e-07 1.0010106318262091e-07 1.0010106318262091e-07 1.0010106318262091e-07 1.0010106318262091e-07 17.498903274536133
268.59591474016503 -28.497428283414163 PSF -1 -1 -1 -1 3.2658778627412896e-07 3.2658778627412896e-07 3.2658778627412896e-07 3.2658778627412896e-07 3.2658778627412896e-07 3.2658778627412896e-07 3.2658778627412896e-07 3.2658778627412896e-07 16.21500015258789
268.60119616901443 -28.690715980127667 PSF -1 -1 -1 -1 1.785256372790336e-07 1.785256372790336e-07 1.785256372790336e-07 1.785256372790336e-07 1.785256372790336e-07 1.785256372790336e-07 1.785256372790336e-07 1.785256372790336e-07 16.87074851989746
268.5139147558184 -28.507659414017763 PSF -1 -1 -1 -1 4.741510009994154e-07 4.741510009994154e-07 4.741510009994154e-07 4.741510009994154e-07 4.741510009994154e-07 4.741510009994154e-07 4.741510009994154e-07 4.741510009994154e-07 15.810208320617676
268.70853953174503 -28.727449366886812 PSF -1 -1 -1 -1 1.0156043405984223e-07 1.0156043405984223e-07 1.0156043405984223e-07 1.0156043405984223e-07 1.0156043405984223e-07 1.0156043405984223e-07 1.0156043405984223e-07 1.0156043405984223e-07 17.48318862915039
268.71762609075705 -28.654519625449435 PSF -1 -1 -1 -1 1.008271341168156e-07 1.008271341168156e-07 1.008271341168156e-07 1.008271341168156e-07 1.008271341168156e-07 1.008271341168156e-07 1.008271341168156e-07 1.008271341168156e-07 17.491056442260742
268.553395693733 -28.616570596625895 PSF -1 -1 -1 -1 1.6839494117323213e-07 1.6839494117323213e-07 1.6839494117323213e-07 1.6839494117323213e-07 1.6839494117323213e-07 1.6839494117323213e-07 1.6839494117323213e-07 1.6839494117323213e-07 16.93417739868164
268.6930623006543 -28.623243509989056 PSF -1 -1 -1 -1 4.052800999397491e-06 4.052800999397491e-06 4.052800999397491e-06 4.052800999397491e-06 4.052800999397491e-06 4.052800999397491e-06 4.052800999397491e-06 4.052800999397491e-06 13.480611801147461
268.78443579601924 -28.712102578692992 PSF -1 -1 -1 -1 9.858175361513018e-08 9.858175361513018e-08 9.858175361513018e-08 9.858175361513018e-08 9.858175361513018e-08 9.858175361513018e-08 9.858175361513018e-08 9.858175361513018e-08 17.5155086517334
268.77868928185615 -28.42261705308372 PSF -1 -1 -1 -1 1.5516657972443494e-07 1.5516657972443494e-07 1.5516657972443494e-07 1.5516657972443494e-07 1.5516657972443494e-07 1.5516657972443494e-07 1.5516657972443494e-07 1.5516657972443494e-07 17.02300453186035
268.64300477580736 -28.511839973065413 PSF -1 -1 -1 -1 1.737468710183038e-07 1.737468710183038e-07 1.737468710183038e-07 1.737468710183038e-07 1.737468710183038e-07 1.737468710183038e-07 1.737468710183038e-07 1.737468710183038e-07 16.90020751953125
268.5813531370361 -28.71370369327364 PSF -1 -1 -1 -1 1.0283655559657662e-07 1.0283655559657662e-07 1.0283655559657662e-07 1.0283655559657662e-07 1.0283655559657662e-07 1.0283655559657662e-07 1.0283655559657662e-07 1.0283655559657662e-07 17.46963119506836
268.7707184082669 -28.456599702018604 PSF -1 -1 -1 -1 8.444796778780928e-07 8.444796778780928e-07 8.444796778780928e-07 8.444796778780928e-07 8.444796778780928e-07 8.444796778780928e-07 8.444796778780928e-07 8.444796778780928e-07 15.183526992797852
268.5135306371211 -28.544079957940543 PSF -1 -1 -1 -1 1.6843902486037424e-07 1.6843902486037424e-07 1.6843902486037424e-07 1.6843902486037424e-07 1.6843902486037424e-07 1.6843902486037424e-07 1.6843902486037424e-07 1.6843902486037424e-07 16.93389320373535
268.7214517022319 -28.28674682527581 PSF -1 -1 -1 -1 8.101174250402423e-08 8.101174250402423e-08 8.101174250402423e-08 8.101174250402423e-08 8.101174250402423e-08 8.101174250402423e-08 8.101174250402423e-08 8.101174250402423e-08 17.72863006591797
268.6842974581712 -28.440793345950382 PSF -1 -1 -1 -1 2.5492504586052967e-07 2.5492504586052967e-07 2.5492504586052967e-07 2.5492504586052967e-07 2.5492504586052967e-07 2.5492504586052967e-07 2.5492504586052967e-07 2.5492504586052967e-07 16.48396873474121
268.57219289469856 -28.417491983868118 PSF -1 -1 -1 -1 1.3538900749510401e-07 1.3538900749510401e-07 1.3538900749510401e-07 1.3538900749510401e-07 1.3538900749510401e-07 1.3538900749510401e-07 1.3538900749510401e-07 1.3538900749510401e-07 17.17104148864746
268.53581345387227 -28.433006867315267 PSF -1 -1 -1 -1 7.226454077723154e-07 7.226454077723154e-07 7.226454077723154e-07 7.226454077723154e-07 7.226454077723154e-07 7.226454077723154e-07 7.226454077723154e-07 7.226454077723154e-07 15.352686882019043
268.5185218206272 -28.495547115160168 PSF -1 -1 -1 -1 7.597997699334894e-08 7.597997699334894e-08 7.597997699334894e-08 7.597997699334894e-08 7.597997699334894e-08 7.597997699334894e-08 7.597997699334894e-08 7.597997699334894e-08 17.79825210571289
268.6823784354458 -28.672838464248994 PSF -1 -1 -1 -1 1.7847264304830265e-07 1.7847264304830265e-07 1.7847264304830265e-07 1.7847264304830265e-07 1.7847264304830265e-07 1.7847264304830265e-07 1.7847264304830265e-07 1.7847264304830265e-07 16.871070861816406
268.78675819782586 -28.467236786493544 PSF -1 -1 -1 -1 1.578573086791219e-05 1.578573086791219e-05 1.578573086791219e-05 1.578573086791219e-05 1.578573086791219e-05 1.578573086791219e-05 1.578573086791219e-05 1.578573086791219e-05 12.004338264465332
268.7750256623618 -28.70925978550552 PSF -1 -1 -1 -1 2.21716744129871e-07 2.21716744129871e-07 2.21716744129871e-07 2.21716744129871e-07 2.21716744129871e-07 2.21716744129871e-07 2.21716744129871e-07 2.21716744129871e-07 16.6355037689209
