data/catalogs/gaia_gbtds_s01_sample.ecsv
# %ECSV 1.0
# ---
# datatype:
# - {name: ra, datatype: float64}
# - {name: dec, datatype: float64}
# - {name: type, datatype: string}
# - {name: n, datatype: int64}
# - {name: half_light_radius, datatype: int64}
# - {name: pa, datatype: int64}
# - {name: ba, datatype: int64}
# - {name: F087, datatype: float64}
# - {name: F062, datatype: float64}
# - {name: F213, datatype: float64}
# - {name: F146, datatype: float64}
# - {name: F129, datatype: float64}
# - {name: F184, datatype: float64}
# - {name: F106, datatype: float64}
# - {name: F158, datatype: float64}
# - {name: g_mag, datatype: float64}
# schema: astropy-2.0
ra dec type n half_light_radius pa ba F087 F062 F213 F146 F129 F184 F106 F158 g_mag
[from data line 1817]
268.68178577993956 -28.733285677742604 PSF -1 -1 -1 -1 8.119881908674311e-07 8.119881908674311e-07 8.119881908674311e-07 8.119881908674311e-07 8.119881908674311e-07 8.119881908674311e-07 8.119881908674311e-07 8.119881908674311e-07 15.226125717163086
268.69915098103564 -28.54177154501936 PSF -1 -1 -1 -1 9.709010880694634e-08 9.709010880694634e-08 9.709010880694634e-08 9.709010880694634e-08 9.709010880694634e-08 9.709010880694634e-08 9.709010880694634e-08 9.709010880694634e-08 17.532062530517578
268.76954625122397 -28.659819501134375 PSF -1 -1 -1 -1 6.382426311224971e-08 6.382426311224971e-08 6.382426311224971e-08 6.382426311224971e-08 6.382426311224971e-08 6.382426311224971e-08 6.382426311224971e-08 6.382426311224971e-08 17.98753547668457
268.53693997246086 -28.372844578837473 PSF -1 -1 -1 -1 8.017373846238498e-08 8.017373846238498e-08 8.017373846238498e-08 8.017373846238498e-08 8.017373846238498e-08 8.017373846238498e-08 8.017373846238498e-08 8.017373846238498e-08 17.739919662475586
268.6899580292302 -28.719058515349523 PSF -1 -1 -1 -1 8.015599410081918e-08 8.015599410081918e-08 8.015599410081918e-08 8.015599410081918e-08 8.015599410081918e-08 8.015599410081918e-08 8.015599410081918e-08 8.015599410081918e-08 17.74015998840332
268.70252028162025 -28.613612011504948 PSF -1 -1 -1 -1 5.081814748857242e-07 5.081814748857242e-07 5.081814748857242e-07 5.081814748857242e-07 5.081814748857242e-07 5.081814748857242e-07 5.081814748857242e-07 5.081814748857242e-07 15.734952926635742
268.612537441963 -28.724635006398675 PSF -1 -1 -1 -1 9.853362082321975e-08 9.853362082321975e-08 9.853362082321975e-08 9.853362082321975e-08 9.853362082321975e-08 9.853362082321975e-08 9.853362082321975e-08 9.853362082321975e-08 17.51603889465332
268.60298053433604 -28.375905663458088 PSF -1 -1 -1 -1 5.261983047404667e-07 5.261983047404667e-07 5.261983047404667e-07 5.261983047404667e-07 5.261983047404667e-07 5.261983047404667e-07 5.261983047404667e-07 5.261983047404667e-07 15.697126388549805
268.61551790696564 -28.744890352219546 PSF -1 -1 -1 -1 1.0237817109194368e-07 1.0237817109194368e-07 1.0237817109194368e-07 1.0237817109194368e-07 1.0237817109194368e-07 1.0237817109194368e-07 1.0237817109194368e-07 1.0237817109194368e-07 17.4744815826416
268.72184333189415 -28.268603749024045 PSF -1 -1 -1 -1 7.156949219558236e-08 7.156949219558236e-08 7.156949219558236e-08 7.156949219558236e-08 7.156949219558236e-08 7.156949219558236e-08 7.156949219558236e-08 7.156949219558236e-08 17.86318016052246
268.5523301622753 -28.368182763686796 PSF -1 -1 -1 -1 1.192008766705766e-07 1.192008766705766e-07 1.192008766705766e-07 1.192008766705766e-07 1.192008766705766e-07 1.192008766705766e-07 1.192008766705766e-07 1.192008766705766e-07 17.309301376342773
268.6293043522056 -28.575435091541607 PSF -1 -1 -1 -1 6.71933358468982e-08 6.71933358468982e-08 6.71933358468982e-08 6.71933358468982e-08 6.71933358468982e-08 6.71933358468982e-08 6.71933358468982e-08 6.71933358468982e-08 17.931684494018555
268.68453274730183 -28.68875221380238 PSF -1 -1 -1 -1 2.897991904683389e-07 2.897991904683389e-07 2.897991904683389e-07 2.897991904683389e-07 2.897991904683389e-07 2.897991904683389e-07 2.897991904683389e-07 2.897991904683389e-07 16.344757080078125
268.6073292345861 -28.506346167582755 PSF -1 -1 -1 -1 1.1248801734746553e-07 1.1248801734746553e-07 1.1248801734746553e-07 1.1248801734746553e-07 1.1248801734746553e-07 1.1248801734746553e-07 1.1248801734746553e-07 1.1248801734746553e-07 17.372234344482422
268.64442128800806 -28.726856869993927 PSF -1 -1 -1 -1 6.35072984976838e-08 6.35072984976838e-08 6.35072984976838e-08 6.35072984976838e-08 6.35072984976838e-08 6.35072984976838e-08 6.35072984976838e-08 6.35072984976838e-08 17.99294090270996
268.7137240964924 -28.369286532081386 PSF -1 -1 -1 -1 5.284925433890815e-07 5.284925433890815e-07 5.284925433890815e-07 5.284925433890815e-07 5.284925433890815e-07 5.284925433890815e-07 5.284925433890815e-07 5.284925433890815e-07 15.692402839660645
268.59766350632873 -28.441452083114168 PSF -1 -1 -1 -1 9.620266505967577e-08 9.620266505967577e-08 9.620266505967577e-08 9.620266505967577e-08 9.620266505967577e-08 9.620266505967577e-08 9.620266505967577e-08 9.620266505967577e-08 17.54203224182129
268.6447354919688 -28.323654904232125 PSF -1 -1 -1 -1 7.309360711662128e-08 7.309360711662128e-08 7.309360711662128e-08 7.309360711662128e-08 7.309360711662128e-08 7.309360711662128e-08 7.309360711662128e-08 7.309360711662128e-08 17.840301513671875
268.7878072339682 -28.38990584590461 PSF -1 -1 -1 -1 7.844726182867639e-08 7.844726182867639e-08 7.844726182867639e-08 7.844726182867639e-08 7.844726182867639e-08 7.844726182867639e-08 7.844726182867639e-08 7.844726182867639e-08 17.7635555267334
268.7386539184235 -28.667153400615472 PSF -1 -1 -1 -1 3.005716379840899e-07 3.005716379840899e-07 3.005716379840899e-07 3.005716379840899e-07 3.005716379840899e-07 3.005716379840899e-07 3.005716379840899e-07 3.005716379840899e-07 16.305130004882812
268.6993817851165 -28.591405188812374 PSF -1 -1 -1 -1 9.120281428431788e-08 9.120281428431788e-08 9.120281428431788e-08 9.120281428431788e-08 9.120281428431788e-08 9.120281428431788e-08 9.120281428431788e-08 9.120281428431788e-08 17.599979400634766
268.52883434152903 -28.556376425306066 PSF -1 -1 -1 -1 1.3841120979423698e-07 1.3841120979423698e-07 1.3841120979423698e-07 1.3841120979423698e-07 1.3841120979423698e-07 1.3841120979423698e-07 1.3841120979423698e-07 1.3841120979423698e-07 17.147071838378906
268.72107836753474 -28.391997742858333 PSF -1 -1 -1 -1 2.332638517641411e-07 2.332638517641411e-07 2.332638517641411e-07 2.332638517641411e-07 2.332638517641411e-07 2.332638517641411e-07 2.332638517641411e-07 2.332638517641411e-07 16.580381393432617
268.57302787258675 -28.692055750190054 PSF -1 -1 -1 -1 5.97286828398866e-07 5.97286828398866e-07 5.97286828398866e-07 5.97286828398866e-07 5.97286828398866e-07 5.97286828398866e-07 5.97286828398866e-07 5.97286828398866e-07 15.559542655944824
268.69378432585205 -28.631645237114682 PSF -1 -1 -1 -1 2.1369159716791991e-07 2.1369159716791991e-07 2.1369159716791991e-07 2.1369159716791991e-07 2.1369159716791991e-07 2.1369159716791991e-07 2.1369159716791991e-07 2.1369159716791991e-07 16.6755313873291
268.7069720049671 -28.727400275701896 PSF -1 -1 -1 -1 4.788268017676311e-07 4.788268017676311e-07 4.788268017676311e-07 4.788268017676311e-07 4.788268017676311e-07 4.788268017676311e-07 4.788268017676311e-07 4.788268017676311e-07 15.799553871154785
268.72816158666285 -28.745904717588395 PSF -1 -1 -1 -1 2.824757303098455e-07 2.824757303098455e-07 2.824757303098455e-07 2.824757303098455e-07 2.824757303098455e-07 2.824757303098455e-07 2.824757303098455e-07 2.824757303098455e-07 16.372547149658203
268.78480318948715 -28.49513792162637 PSF -1 -1 -1 -1 1.180302305981348e-07 1.180302305981348e-07 1.180302305981348e-07 1.180302305981348e-07 1.180302305981348e-07 1.180302305981348e-07 1.180302305981348e-07 1.180302305981348e-07 17.320016860961914
268.7978827932915 -28.67806320531928 PSF -1 -1 -1 -1 8.047231865974579e-08 8.047231865974579e-08 8.047231865974579e-08 8.047231865974579e-08 8.047231865974579e-08 8.047231865974579e-08 8.047231865974579e-08 8.047231865974579e-08 17.735883712768555
268.6938573042229 -28.7472201228132 PSF -1 -1 -1 -1 3.86026642084635e-07 3.86026642084635e-07 3.86026642084635e-07 3.86026642084635e-07 3.86026642084635e-07 3.86026642084635e-07 3.86026642084635e-07 3.86026642084635e-07 16.033456802368164
268.77119654960245 -28.365159552792747 PSF -1 -1 -1 -1 9.121947858199614e-08 9.121947858199614e-08 9.121947858199614e-08 9.121947858199614e-08 9.121947858199614e-08 9.121947858199614e-08 9.121947858199614e-08 9.121947858199614e-08 17.599781036376953
268.6399299406264 -28.322851196634748 PSF -1 -1 -1 -1 9.090209942697077e-08 9.090209942697077e-08 9.090209942697077e-08 9.090209942697077e-08 9.090209942697077e-08 9.090209942697077e-08 9.090209942697077e-08 9.090209942697077e-08 17.603565216064453
268.7490559150873 -28.643398211603387 PSF -1 -1 -1 -1 7.392510697766361e-08 7.392510697766361e-08 7.392510697766361e-08 7.392510697766361e-08 7.392510697766361e-08 7.392510697766361e-08 7.392510697766361e-08 7.392510697766361e-08 17.828020095825195
268.6504089217687 -28.372647741633944 PSF -1 -1 -1 -1 1.655602195514379e-07 1.655602195514379e-07 1.655602195514379e-07 1.655602195514379e-07 1.655602195514379e-07 1.655602195514379e-07 1.655602195514379e-07 1.655602195514379e-07 16.95261001586914
268.5830946791574 -28.643764505222663 PSF -1 -1 -1 -1 4.608966929029572e-07 4.608966929029572e-07 4.608966929029572e-07 4.608966929029572e-07 4.608966929029572e-07 4.608966929029572e-07 4.608966929029572e-07 4.608966929029572e-07 15.840991020202637
268.67699050542984 -28.344903532012616 PSF -1 -1 -1 -1 5.297590311396676e-07 5.297590311396676e-07 5.297590311396676e-07 5.297590311396676e-07 5.297590311396676e-07 5.297590311396676e-07 5.297590311396676e-07 5.297590311396676e-07 15.689804077148438
268.7752300475843 -28.3741433491548 PSF -1 -1 -1 -1 9.216791709075031e-08 9.216791709075031e-08 9.216791709075031e-08 9.216791709075031e-08 9.216791709075031e-08 9.216791709075031e-08 9.216791709075031e-08 9.216791709075031e-08 17.588550567626953
268.6343704335245 -28.675264941469113 PSF -1 -1 -1 -1 8.511580744168794e-07 8.511580744168794e-07 8.511580744168794e-07 8.511580744168794e-07 8.511580744168794e-07 8.511580744168794e-07 8.511580744168794e-07 8.511580744168794e-07 15.17497444152832
268.66670407666084 -28.252363221989466 PSF -1 -1 -1 -1 8.917098033715927e-08 8.917098033715927e-08 8.917098033715927e-08 8.917098033715927e-08 8.917098033715927e-08 8.917098033715927e-08 8.917098033715927e-08 8.917098033715927e-08 17.624441146850586
268.68872765169067 -28.743362217752278 PSF -1 -1 -1 -1 2.951933069759882e-07 2.951933069759882e-07 2.951933069759882e-07 2.951933069759882e-07 2.951933069759882e-07 2.951933069759882e-07 2.951933069759882e-07 2.951933069759882e-07 16.32473373413086
268.5753287672924 -28.690255281021752 PSF -1 -1 -1 -1 1.1011809079963788e-07 1.1011809079963788e-07 1.1011809079963788e-07 1.1011809079963788e-07 1.1011809079963788e-07 1.1011809079963788e-07 1.1011809079963788e-07 1.1011809079963788e-07 17.395353317260742
268.57731404304184 -28.71840750351513 PSF -1 -1 -1 -1 1.096083777357155e-07 1.096083777357155e-07 1.096083777357155e-07 1.096083777357155e-07 1.096083777357155e-07 1.096083777357155e-07 1.096083777357155e-07 1.096083777357155e-07 17.400390625
268.5595785900493 -28.699323987932118 PSF -1 -1 -1 -1 1.6763167288982797e-07 1.6763167288982797e-07 1.6763167288982797e-07 1.6763167288982797e-07 1.6763167288982797e-07 1.6763167288982797e-07 1.6763167288982797e-07 1.6763167288982797e-07 16.939109802246094
268.7601339022268 -28.69164693889366 PSF -1 -1 -1 -1 1.7849365071309987e-07 1.7849365071309987e-07 1.7849365071309987e-07 1.7849365071309987e-07 1.7849365071309987e-07 1.7849365071309987e-07 1.7849365071309987e-07 1.7849365071309987e-07 16.870943069458008
268.5852996688841 -28.58844729774296 PSF -1 -1 -1 -1 6.660489753987223e-08 6.660489753987223e-08 6.660489753987223e-08 6.660489753987223e-08 6.660489753987223e-08 6.660489753987223e-08 6.660489753987223e-08 6.660489753987223e-08 17.941234588623047
268.5134539764645 -28.3833038707534 PSF -1 -1 -1 -1 2.0773672238067577e-07 2.0773672238067577e-07 2.0773672238067577e-07 2.0773672238067577e-07 2.0773672238067577e-07 2.0773672238067577e-07 2.0773672238067577e-07 2.0773672238067577e-07 16.70621681213379
268.68951795629783 -28.675752983028353 PSF -1 -1 -1 -1 3.282045229842704e-07 3.282045229842704e-07 3.282045229842704e-07 3.282045229842704e-07 3.282045229842704e-07 3.282045229842704e-07 3.282045229842704e-07 3.282045229842704e-07 16.209638595581055
268.7096424433626 -28.40539217854956 PSF -1 -1 -1 -1 1.2232006725219406e-07 1.2232006725219406e-07 1.2232006725219406e-07 1.2232006725219406e-07 1.2232006725219406e-07 1.2232006725219406e-07 1.2232006725219406e-07 1.2232006725219406e-07 17.2812557220459
268.71689401926295 -28.690082344622738 PSF -1 -1 -1 -1 1.4822078828504531e-07 1.4822078828504531e-07 1.4822078828504531e-07 1.4822078828504531e-07 1.4822078828504531e-07 1.4822078828504531e-07 1.4822078828504531e-07 1.4822078828504531e-07 17.07272720336914
268.6839135460602 -28.743885613269935 PSF -1 -1 -1 -1 6.621244668277873e-08 6.621244668277873e-08 6.621244668277873e-08 6.621244668277873e-08 6.621244668277873e-08 6.621244668277873e-08 6.621244668277873e-08 6.621244668277873e-08 17.947650909423828
268.75678319046204 -28.53375976392776 PSF -1 -1 -1 -1 1.6335673869679903e-07 1.6335673869679903e-07 1.6335673869679903e-07 1.6335673869679903e-07 1.6335673869679903e-07 1.6335673869679903e-07 1.6335673869679903e-07 1.6335673869679903e-07 16.9671573638916
268.65286940257164 -28.70081901403006 PSF -1 -1 -1 -1 1.252429081203474e-07 1.252429081203474e-07 1.252429081203474e-07 1.252429081203474e-07 1.252429081203474e-07 1.252429081203474e-07 1.252429081203474e-07 1.252429081203474e-07 17.255617141723633
268.7714225151501 -28.5910718388868 PSF -1 -1 -1 -1 7.633625772579839e-08 7.633625772579839e-08 7.633625772579839e-08 7.633625772579839e-08 7.633625772579839e-08 7.633625772579839e-08 7.633625772579839e-08 7.633625772579839e-08 17.79317283630371
268.67799719369793 -28.275558840561 PSF -1 -1 -1 -1 1.4202934436850577e-07 1.4202934436850577e-07 1.4202934436850577e-07 1.4202934436850577e-07 1.4202934436850577e-07 1.4202934436850577e-07 1.4202934436850577e-07 1.4202934436850577e-07 17.119054794311523
268.78421732357145 -28.366085739788343 PSF -1 -1 -1 -1 9.177062824892478e-08 9.177062824892478e-08 9.177062824892478e-08 9.177062824892478e-08 9.177062824892478e-08 9.177062824892478e-08 9.177062824892478e-08 9.177062824892478e-08 17.59324073791504
268.69132183770796 -28.429063772542044 PSF -1 -1 -1 -1 8.532645038847296e-08 8.532645038847296e-08 8.532645038847296e-08 8.532645038847296e-08 8.532645038847296e-08 8.532645038847296e-08 8.532645038847296e-08 8.532645038847296e-08 17.672290802001953
268.7636184018823 -28.334535276312895 PSF -1 -1 -1 -1 "" "" "" "" "" "" "" "" ""
268.74841174856954 -28.335513734684174 PSF -1 -1 -1 -1 1.6169704653352668e-07 1.6169704653352668e-07 1.6169704653352668e-07 1.6169704653352668e-07 1.6169704653352668e-07 1.6169704653352668e-07 1.6169704653352668e-07 1.6169704653352668e-07 16.97824478149414
268.5504933064645 -28.49774888409568 PSF -1 -1 -1 -1 3.2512748187291935e-07 3.2512748187291935e-07 3.2512748187291935e-07 3.2512748187291935e-07 3.2512748187291935e-07 3.2512748187291935e-07 3.2512748187291935e-07 3.2512748187291935e-07 16.219865798950195
268.78281989716197 -28.706846633252404 PSF -1 -1 -1 -1 2.694242648664002e-07 2.694242648664002e-07 2.694242648664002e-07 2.694242648664002e-07 2.694242648664002e-07 2.694242648664002e-07 2.694242648664002e-07 2.694242648664002e-07 16.423908233642578
268.67532363168567 -28.711292026946083 PSF -1 -1 -1 -1 8.983576062712764e-08 8.983576062712764e-08 8.983576062712764e-08 8.983576062712764e-08 8.983576062712764e-08 8.983576062712764e-08 8.983576062712764e-08 8.983576062712764e-08 17.616376876831055
268.60335530670284 -28.58754799319675 PSF -1 -1 -1 -1 1.6310984070115665e-07 1.6310984070115665e-07 1.6310984070115665e-07 1.6310984070115665e-07 1.6310984070115665e-07 1.6310984070115665e-07 1.6310984070115665e-07 1.6310984070115665e-07 16.968799591064453
268.6743961293004 -28.591395469753714 PSF -1 -1 -1 -1 6.938480039580399e-08 6.938480039580399e-08 6.938480039580399e-08 6.938480039580399e-08 6.938480039580399e-08 6.938480039580399e-08 6.938480039580399e-08 6.938480039580399e-08 17.896839141845703
