data/catalogs/gaia_gbtds_s01_sample.ecsv
# %ECSV 1.0
# ---
# datatype:
# - {name: ra, datatype: float64}
# - {name: dec, datatype: float64}
# - {name: type, datatype: string}
# - {name: n, datatype: int64}
# - {name: half_light_radius, datatype: int64}
# - {name: pa, datatype: int64}
# - {name: ba, datatype: int64}
# - {name: F087, datatype: float64}
# - {name: F062, datatype: float64}
# - {name: F213, datatype: float64}
# - {name: F146, datatype: float64}
# - {name: F129, datatype: float64}
# - {name: F184, datatype: float64}
# - {name: F106, datatype: float64}
# - {name: F158, datatype: float64}
# - {name: g_mag, datatype: float64}
# schema: astropy-2.0
ra dec type n half_light_radius pa ba F087 F062 F213 F146 F129 F184 F106 F158 g_mag
[from data line 1170]
268.77754106889523 -28.486284466512995 PSF -1 -1 -1 -1 8.902963788151398e-07 8.902963788151398e-07 8.902963788151398e-07 8.902963788151398e-07 8.902963788151398e-07 8.902963788151398e-07 8.902963788151398e-07 8.902963788151398e-07 15.126163482666016
268.7849379466165 -28.572103359239392 PSF -1 -1 -1 -1 8.712271045063353e-08 8.712271045063353e-08 8.712271045063353e-08 8.712271045063353e-08 8.712271045063353e-08 8.712271045063353e-08 8.712271045063353e-08 8.712271045063353e-08 17.64967155456543
268.53945117157565 -28.318251381389107 PSF -1 -1 -1 -1 1.0757902405634587e-06 1.0757902405634587e-06 1.0757902405634587e-06 1.0757902405634587e-06 1.0757902405634587e-06 1.0757902405634587e-06 1.0757902405634587e-06 1.0757902405634587e-06 14.92068099975586
268.5255229556746 -28.533258434259984 PSF -1 -1 -1 -1 7.345661031702479e-08 7.345661031702479e-08 7.345661031702479e-08 7.345661031702479e-08 7.345661031702479e-08 7.345661031702479e-08 7.345661031702479e-08 7.345661031702479e-08 17.834922790527344
268.59500108322953 -28.61525517867129 PSF -1 -1 -1 -1 1.2549816916374537e-07 1.2549816916374537e-07 1.2549816916374537e-07 1.2549816916374537e-07 1.2549816916374537e-07 1.2549816916374537e-07 1.2549816916374537e-07 1.2549816916374537e-07 17.253406524658203
268.5092204512598 -28.718855193969013 PSF -1 -1 -1 -1 2.7854634293739525e-07 2.7854634293739525e-07 2.7854634293739525e-07 2.7854634293739525e-07 2.7854634293739525e-07 2.7854634293739525e-07 2.7854634293739525e-07 2.7854634293739525e-07 16.38775634765625
268.68786702137606 -28.660167315512403 PSF -1 -1 -1 -1 2.640381721002372e-07 2.640381721002372e-07 2.640381721002372e-07 2.640381721002372e-07 2.640381721002372e-07 2.640381721002372e-07 2.640381721002372e-07 2.640381721002372e-07 16.445833206176758
268.63405262849915 -28.5634999081764 PSF -1 -1 -1 -1 3.7958770218624936e-07 3.7958770218624936e-07 3.7958770218624936e-07 3.7958770218624936e-07 3.7958770218624936e-07 3.7958770218624936e-07 3.7958770218624936e-07 3.7958770218624936e-07 16.051719665527344
268.70281309850185 -28.25522877073071 PSF -1 -1 -1 -1 1.646034965601047e-07 1.646034965601047e-07 1.646034965601047e-07 1.646034965601047e-07 1.646034965601047e-07 1.646034965601047e-07 1.646034965601047e-07 1.646034965601047e-07 16.95890235900879
268.7860599141619 -28.697332638910353 PSF -1 -1 -1 -1 9.412027046606937e-08 9.412027046606937e-08 9.412027046606937e-08 9.412027046606937e-08 9.412027046606937e-08 9.412027046606937e-08 9.412027046606937e-08 9.412027046606937e-08 17.565792083740234
268.698710770829 -28.42278057934377 PSF -1 -1 -1 -1 6.152513591677422e-07 6.152513591677422e-07 6.152513591677422e-07 6.152513591677422e-07 6.152513591677422e-07 6.152513591677422e-07 6.152513591677422e-07 6.152513591677422e-07 15.527368545532227
268.57582125730283 -28.353972195686897 PSF -1 -1 -1 -1 9.506846878435172e-08 9.506846878435172e-08 9.506846878435172e-08 9.506846878435172e-08 9.506846878435172e-08 9.506846878435172e-08 9.506846878435172e-08 9.506846878435172e-08 17.554908752441406
268.57617829668175 -28.74343541127761 PSF -1 -1 -1 -1 7.211014492719386e-08 7.211014492719386e-08 7.211014492719386e-08 7.211014492719386e-08 7.211014492719386e-08 7.211014492719386e-08 7.211014492719386e-08 7.211014492719386e-08 17.855009078979492
268.74822325087024 -28.576523394356144 PSF -1 -1 -1 -1 7.373652178417965e-08 7.373652178417965e-08 7.373652178417965e-08 7.373652178417965e-08 7.373652178417965e-08 7.373652178417965e-08 7.373652178417965e-08 7.373652178417965e-08 17.830793380737305
268.6985098367358 -28.535201183089573 PSF -1 -1 -1 -1 2.620184717108272e-07 2.620184717108272e-07 2.620184717108272e-07 2.620184717108272e-07 2.620184717108272e-07 2.620184717108272e-07 2.620184717108272e-07 2.620184717108272e-07 16.45417022705078
268.677459140653 -28.603146591801178 PSF -1 -1 -1 -1 1.584998996891867e-07 1.584998996891867e-07 1.584998996891867e-07 1.584998996891867e-07 1.584998996891867e-07 1.584998996891867e-07 1.584998996891867e-07 1.584998996891867e-07 16.999927520751953
268.52572583133104 -28.50916881213442 PSF -1 -1 -1 -1 4.1249928728569005e-07 4.1249928728569005e-07 4.1249928728569005e-07 4.1249928728569005e-07 4.1249928728569005e-07 4.1249928728569005e-07 4.1249928728569005e-07 4.1249928728569005e-07 15.961441993713379
268.5185394574422 -28.436506894304674 PSF -1 -1 -1 -1 2.3583951721987728e-07 2.3583951721987728e-07 2.3583951721987728e-07 2.3583951721987728e-07 2.3583951721987728e-07 2.3583951721987728e-07 2.3583951721987728e-07 2.3583951721987728e-07 16.568458557128906
268.59167287082397 -28.69520668231499 PSF -1 -1 -1 -1 1.4800820685996332e-07 1.4800820685996332e-07 1.4800820685996332e-07 1.4800820685996332e-07 1.4800820685996332e-07 1.4800820685996332e-07 1.4800820685996332e-07 1.4800820685996332e-07 17.07428550720215
268.5889382968781 -28.720003291444627 PSF -1 -1 -1 -1 8.389553755085267e-08 8.389553755085267e-08 8.389553755085267e-08 8.389553755085267e-08 8.389553755085267e-08 8.389553755085267e-08 8.389553755085267e-08 8.389553755085267e-08 17.69065284729004
268.7014982984676 -28.667169625817458 PSF -1 -1 -1 -1 1.079671471381976e-07 1.079671471381976e-07 1.079671471381976e-07 1.079671471381976e-07 1.079671471381976e-07 1.079671471381976e-07 1.079671471381976e-07 1.079671471381976e-07 17.416770935058594
268.7827410913476 -28.502213349902785 PSF -1 -1 -1 -1 1.951126789503958e-07 1.951126789503958e-07 1.951126789503958e-07 1.951126789503958e-07 1.951126789503958e-07 1.951126789503958e-07 1.951126789503958e-07 1.951126789503958e-07 16.7742862701416
268.5825939018172 -28.67910328580973 PSF -1 -1 -1 -1 1.549685360107531e-07 1.549685360107531e-07 1.549685360107531e-07 1.549685360107531e-07 1.549685360107531e-07 1.549685360107531e-07 1.549685360107531e-07 1.549685360107531e-07 17.024391174316406
268.59580989357585 -28.749773219101453 PSF -1 -1 -1 -1 7.390679804402264e-08 7.390679804402264e-08 7.390679804402264e-08 7.390679804402264e-08 7.390679804402264e-08 7.390679804402264e-08 7.390679804402264e-08 7.390679804402264e-08 17.828289031982422
268.7087586930782 -28.674864614450215 PSF -1 -1 -1 -1 1.091825105224858e-06 1.091825105224858e-06 1.091825105224858e-06 1.091825105224858e-06 1.091825105224858e-06 1.091825105224858e-06 1.091825105224858e-06 1.091825105224858e-06 14.904617309570312
268.5538934879979 -28.670279543219905 PSF -1 -1 -1 -1 6.313853410838608e-08 6.313853410838608e-08 6.313853410838608e-08 6.313853410838608e-08 6.313853410838608e-08 6.313853410838608e-08 6.313853410838608e-08 6.313853410838608e-08 17.999263763427734
268.57439939853583 -28.743401147417742 PSF -1 -1 -1 -1 1.4998489239946252e-07 1.4998489239946252e-07 1.4998489239946252e-07 1.4998489239946252e-07 1.4998489239946252e-07 1.4998489239946252e-07 1.4998489239946252e-07 1.4998489239946252e-07 17.05988121032715
268.73576385952407 -28.546778093182958 PSF -1 -1 -1 -1 9.167394931431309e-08 9.167394931431309e-08 9.167394931431309e-08 9.167394931431309e-08 9.167394931431309e-08 9.167394931431309e-08 9.167394931431309e-08 9.167394931431309e-08 17.594385147094727
268.65466860234176 -28.70506602462833 PSF -1 -1 -1 -1 6.736601488755735e-08 6.736601488755735e-08 6.736601488755735e-08 6.736601488755735e-08 6.736601488755735e-08 6.736601488755735e-08 6.736601488755735e-08 6.736601488755735e-08 17.928897857666016
268.56780014168874 -28.45153900625526 PSF -1 -1 -1 -1 1.5291488697831654e-07 1.5291488697831654e-07 1.5291488697831654e-07 1.5291488697831654e-07 1.5291488697831654e-07 1.5291488697831654e-07 1.5291488697831654e-07 1.5291488697831654e-07 17.038875579833984
268.51881641868044 -28.50226050858323 PSF -1 -1 -1 -1 4.074105512784784e-06 4.074105512784784e-06 4.074105512784784e-06 4.074105512784784e-06 4.074105512784784e-06 4.074105512784784e-06 4.074105512784784e-06 4.074105512784784e-06 13.474919319152832
268.647736605618 -28.589806966242424 PSF -1 -1 -1 -1 8.436626509109491e-08 8.436626509109491e-08 8.436626509109491e-08 8.436626509109491e-08 8.436626509109491e-08 8.436626509109491e-08 8.436626509109491e-08 8.436626509109491e-08 17.68457794189453
268.7308004100778 -28.325253286487815 PSF -1 -1 -1 -1 1.0214140153606365e-07 1.0214140153606365e-07 1.0214140153606365e-07 1.0214140153606365e-07 1.0214140153606365e-07 1.0214140153606365e-07 1.0214140153606365e-07 1.0214140153606365e-07 17.47699546813965
268.5739555374161 -28.69703093736179 PSF -1 -1 -1 -1 6.475475543555502e-08 6.475475543555502e-08 6.475475543555502e-08 6.475475543555502e-08 6.475475543555502e-08 6.475475543555502e-08 6.475475543555502e-08 6.475475543555502e-08 17.971820831298828
268.69037374921436 -28.58048413592187 PSF -1 -1 -1 -1 1.6905696413208453e-06 1.6905696413208453e-06 1.6905696413208453e-06 1.6905696413208453e-06 1.6905696413208453e-06 1.6905696413208453e-06 1.6905696413208453e-06 1.6905696413208453e-06 14.429917335510254
268.78339690146436 -28.52018835424962 PSF -1 -1 -1 -1 8.616471130674982e-08 8.616471130674982e-08 8.616471130674982e-08 8.616471130674982e-08 8.616471130674982e-08 8.616471130674982e-08 8.616471130674982e-08 8.616471130674982e-08 17.66167640686035
268.5528157755264 -28.260152049734963 PSF -1 -1 -1 -1 2.35023917235037e-07 2.35023917235037e-07 2.35023917235037e-07 2.35023917235037e-07 2.35023917235037e-07 2.35023917235037e-07 2.35023917235037e-07 2.35023917235037e-07 16.572219848632812
268.50216450552216 -28.610505126924828 PSF -1 -1 -1 -1 3.416164838826747e-06 3.416164838826747e-06 3.416164838826747e-06 3.416164838826747e-06 3.416164838826747e-06 3.416164838826747e-06 3.416164838826747e-06 3.416164838826747e-06 13.666152954101562
268.55342596282196 -28.55471746851011 PSF -1 -1 -1 -1 7.590233334959053e-08 7.590233334959053e-08 7.590233334959053e-08 7.590233334959053e-08 7.590233334959053e-08 7.590233334959053e-08 7.590233334959053e-08 7.590233334959053e-08 17.799362182617188
268.6670655430647 -28.29832232129095 PSF -1 -1 -1 -1 1.5096375185078467e-07 1.5096375185078467e-07 1.5096375185078467e-07 1.5096375185078467e-07 1.5096375185078467e-07 1.5096375185078467e-07 1.5096375185078467e-07 1.5096375185078467e-07 17.052818298339844
268.78771130161454 -28.39838411770649 PSF -1 -1 -1 -1 1.6682438077082758e-07 1.6682438077082758e-07 1.6682438077082758e-07 1.6682438077082758e-07 1.6682438077082758e-07 1.6682438077082758e-07 1.6682438077082758e-07 1.6682438077082758e-07 16.944351196289062
268.67123921554304 -28.58832247091214 PSF -1 -1 -1 -1 7.603792789773972e-08 7.603792789773972e-08 7.603792789773972e-08 7.603792789773972e-08 7.603792789773972e-08 7.603792789773972e-08 7.603792789773972e-08 7.603792789773972e-08 17.79742431640625
268.72896683359477 -28.276716775974002 PSF -1 -1 -1 -1 3.109574442983481e-07 3.109574442983481e-07 3.109574442983481e-07 3.109574442983481e-07 3.109574442983481e-07 3.109574442983481e-07 3.109574442983481e-07 3.109574442983481e-07 16.268247604370117
268.57217076607645 -28.397230775812712 PSF -1 -1 -1 -1 2.0115926451139602e-07 2.0115926451139602e-07 2.0115926451139602e-07 2.0115926451139602e-07 2.0115926451139602e-07 2.0115926451139602e-07 2.0115926451139602e-07 2.0115926451139602e-07 16.74114990234375
268.68802292673627 -28.527024554625715 PSF -1 -1 -1 -1 1.884433502015333e-07 1.884433502015333e-07 1.884433502015333e-07 1.884433502015333e-07 1.884433502015333e-07 1.884433502015333e-07 1.884433502015333e-07 1.884433502015333e-07 16.812047958374023
268.75760402744567 -28.68664457652764 PSF -1 -1 -1 -1 2.2311945738029282e-07 2.2311945738029282e-07 2.2311945738029282e-07 2.2311945738029282e-07 2.2311945738029282e-07 2.2311945738029282e-07 2.2311945738029282e-07 2.2311945738029282e-07 16.6286563873291
268.62228805678336 -28.59222334271585 PSF -1 -1 -1 -1 1.9447584251066837e-07 1.9447584251066837e-07 1.9447584251066837e-07 1.9447584251066837e-07 1.9447584251066837e-07 1.9447584251066837e-07 1.9447584251066837e-07 1.9447584251066837e-07 16.777835845947266
268.64177471040375 -28.71931066955685 PSF -1 -1 -1 -1 1.341222762806756e-07 1.341222762806756e-07 1.341222762806756e-07 1.341222762806756e-07 1.341222762806756e-07 1.341222762806756e-07 1.341222762806756e-07 1.341222762806756e-07 17.18124771118164
268.6877389800156 -28.36379791145809 PSF -1 -1 -1 -1 8.264904771931504e-08 8.264904771931504e-08 8.264904771931504e-08 8.264904771931504e-08 8.264904771931504e-08 8.264904771931504e-08 8.264904771931504e-08 8.264904771931504e-08 17.706905364990234
268.633819313631 -28.62554988423027 PSF -1 -1 -1 -1 1.8875213653429053e-07 1.8875213653429053e-07 1.8875213653429053e-07 1.8875213653429053e-07 1.8875213653429053e-07 1.8875213653429053e-07 1.8875213653429053e-07 1.8875213653429053e-07 16.810270309448242
268.7083187780319 -28.268034795772003 PSF -1 -1 -1 -1 9.808631728175461e-08 9.808631728175461e-08 9.808631728175461e-08 9.808631728175461e-08 9.808631728175461e-08 9.808631728175461e-08 9.808631728175461e-08 9.808631728175461e-08 17.520978927612305
268.5051961484993 -28.346671361465287 PSF -1 -1 -1 -1 6.815342744004422e-08 6.815342744004422e-08 6.815342744004422e-08 6.815342744004422e-08 6.815342744004422e-08 6.815342744004422e-08 6.815342744004422e-08 6.815342744004422e-08 17.91628074645996
268.50911316194856 -28.574587129722598 PSF -1 -1 -1 -1 7.210317795881098e-08 7.210317795881098e-08 7.210317795881098e-08 7.210317795881098e-08 7.210317795881098e-08 7.210317795881098e-08 7.210317795881098e-08 7.210317795881098e-08 17.855113983154297
268.67282506830827 -28.62974028685353 PSF -1 -1 -1 -1 7.120155384573918e-08 7.120155384573918e-08 7.120155384573918e-08 7.120155384573918e-08 7.120155384573918e-08 7.120155384573918e-08 7.120155384573918e-08 7.120155384573918e-08 17.868776321411133
268.6074807407379 -28.265961717158707 PSF -1 -1 -1 -1 7.767602946766576e-08 7.767602946766576e-08 7.767602946766576e-08 7.767602946766576e-08 7.767602946766576e-08 7.767602946766576e-08 7.767602946766576e-08 7.767602946766576e-08 17.774282455444336
268.622277756013 -28.707865574829906 PSF -1 -1 -1 -1 1.1426258702901086e-07 1.1426258702901086e-07 1.1426258702901086e-07 1.1426258702901086e-07 1.1426258702901086e-07 1.1426258702901086e-07 1.1426258702901086e-07 1.1426258702901086e-07 17.355239868164062
268.64980942834893 -28.58768713284561 PSF -1 -1 -1 -1 1.6545845505384393e-07 1.6545845505384393e-07 1.6545845505384393e-07 1.6545845505384393e-07 1.6545845505384393e-07 1.6545845505384393e-07 1.6545845505384393e-07 1.6545845505384393e-07 16.953277587890625
268.5846682053298 -28.74231156453477 PSF -1 -1 -1 -1 1.076278884510695e-06 1.076278884510695e-06 1.076278884510695e-06 1.076278884510695e-06 1.076278884510695e-06 1.076278884510695e-06 1.076278884510695e-06 1.076278884510695e-06 14.920187950134277
268.66098706873635 -28.673554659882605 PSF -1 -1 -1 -1 1.647426434151663e-07 1.647426434151663e-07 1.647426434151663e-07 1.647426434151663e-07 1.647426434151663e-07 1.647426434151663e-07 1.647426434151663e-07 1.647426434151663e-07 16.957984924316406
268.6609465812863 -28.250025979047614 PSF -1 -1 -1 -1 9.322115196069012e-08 9.322115196069012e-08 9.322115196069012e-08 9.322115196069012e-08 9.322115196069012e-08 9.322115196069012e-08 9.322115196069012e-08 9.322115196069012e-08 17.576213836669922
268.5849958962839 -28.706678724335227 PSF -1 -1 -1 -1 8.499313528689698e-08 8.499313528689698e-08 8.499313528689698e-08 8.499313528689698e-08 8.499313528689698e-08 8.499313528689698e-08 8.499313528689698e-08 8.499313528689698e-08 17.67654037475586
268.7892454312802 -28.32746156684887 PSF -1 -1 -1 -1 5.566040229448375e-07 5.566040229448375e-07 5.566040229448375e-07 5.566040229448375e-07 5.566040229448375e-07 5.566040229448375e-07 5.566040229448375e-07 5.566040229448375e-07 15.636134147644043
